0.00000
0.03274
0.59508
1.14097
1.38305
1.47756
1.18353
0.92024
0.74827
0.61275
0.50112
0.40051
0.30854
0.22964
0.16825
0.12790
0.09545
0.06600
0.04066
0.02053
0.00671
0.00031
-0.00010
-0.00022
-0.00034
-0.00046
-0.00058
-0.00069
-0.00080
-0.00091
-0.00101
-0.00112
-0.00122
-0.00131
-0.00141
-0.00150
-0.00159
-0.00167
-0.00176
-0.00184
-0.00192
-0.00200
-0.00207
-0.00214
-0.00221
-0.00228
-0.00235
-0.00241
-0.00247
-0.00253
-0.00259
-0.00264
-0.00270
-0.00275
-0.00280
-0.00284
-0.00289
-0.00293
-0.00297
-0.00301
-0.00305
-0.00309
-0.00312
-0.00316
-0.00319
-0.00322
-0.00325
-0.00328
-0.00330
-0.00333
-0.00335
-0.00337
-0.00339
-0.00341
-0.00343
-0.00345
-0.00347
-0.00348
-0.00350
-0.00351
-0.00352
-0.00353
-0.00354
-0.00355
-0.00356
-0.00357
-0.00357
-0.00358
-0.00359
-0.00359
-0.00359
-0.00360
-0.00360
-0.00360
-0.00361
-0.00361
-0.00361
-0.00361
-0.00361
-0.00361
