0.00000
0.78062
1.38728
1.41015
1.23813
0.96267
0.26357
-0.02427
-0.06307
-0.08093
-0.08995
-0.09764
-0.10415
-0.10949
-0.11366
-0.11666
-0.11848
-0.11913
-0.11491
-0.10128
-0.07835
-0.04622
-0.00503
0.10684
0.31167
0.49817
0.42475
0.09891
0.04841
0.02052
0.00437
-0.00267
-0.00361
-0.00361
-0.00361
-0.00361
-0.00361
-0.00361
-0.00361
-0.00361
-0.00361
-0.00361
-0.00361
-0.00361
-0.00361
-0.00361
-0.00361
-0.00361
-0.00361
-0.00361
-0.00361
-0.00361
-0.00361
-0.00361
-0.00361
-0.00361
-0.00361
-0.00361
-0.00361
-0.00361
-0.00361
-0.00361
-0.00361
-0.00361
-0.00361
-0.00361
-0.00361
-0.00361
-0.00361
-0.00361
-0.00361
-0.00361
-0.00361
-0.00361
-0.00361
-0.00361
-0.00361
-0.00361
-0.00361
-0.00361
-0.00361
-0.00361
-0.00361
-0.00361
-0.00361
-0.00361
-0.00361
-0.00361
-0.00361
-0.00361
-0.00361
-0.00361
-0.00361
-0.00361
-0.00361
-0.00361
-0.00361
-0.00361
-0.00361
-0.00361
