0.00000
0.06226
0.15662
0.27939
0.39562
0.46452
0.51549
0.55722
0.58439
0.59203
0.59092
0.58839
0.58472
0.57988
0.56594
0.54080
0.50651
0.46511
0.41864
0.36914
0.30418
0.21145
0.12780
0.08034
0.04365
0.01831
0.00833
0.00322
0.00036
-0.00000
-0.00000
-0.00000
-0.00000
-0.00000
-0.00000
-0.00000
-0.00000
-0.00000
-0.00000
-0.00000
-0.00000
-0.00000
-0.00000
-0.00000
-0.00000
-0.00000
-0.00000
-0.00000
-0.00000
-0.00000
-0.00000
-0.00000
-0.00000
-0.00000
-0.00000
-0.00000
-0.00000
-0.00000
-0.00000
-0.00000
-0.00000
-0.00000
-0.00000
-0.00000
-0.00000
-0.00000
-0.00000
-0.00000
-0.00000
-0.00000
-0.00000
-0.00000
-0.00000
-0.00000
-0.00000
-0.00000
-0.00000
-0.00000
-0.00000
-0.00000
-0.00000
-0.00000
-0.00000
-0.00000
-0.00000
-0.00000
-0.00000
-0.00000
-0.00000
-0.00000
-0.00000
-0.00000
-0.00000
-0.00000
-0.00000
-0.00000
-0.00000
-0.00000
-0.00000
-0.00000
