0.00000
0.09328
0.20447
0.30294
0.38581
0.45020
0.49477
0.53293
0.56521
0.58750
0.59566
0.57516
0.52470
0.45894
0.39252
0.33722
0.28669
0.23424
0.17406
0.10030
-0.02623
-0.18749
-0.27953
-0.31758
-0.34974
-0.37562
-0.39481
-0.40691
-0.41152
-0.40860
-0.39897
-0.38333
-0.36240
-0.33688
-0.30749
-0.27494
-0.23994
-0.19843
-0.11532
-0.03022
-0.00000
-0.00000
-0.00000
-0.00000
-0.00000
-0.00000
-0.00000
-0.00000
-0.00000
-0.00000
-0.00000
-0.00000
-0.00000
-0.00000
-0.00000
-0.00000
-0.00000
-0.00000
-0.00000
-0.00000
-0.00000
-0.00000
-0.00000
-0.00000
-0.00000
-0.00000
-0.00000
-0.00000
-0.00000
-0.00000
-0.00000
-0.00000
-0.00000
-0.00000
-0.00000
-0.00000
-0.00000
-0.00000
-0.00000
-0.00000
-0.00000
-0.00000
-0.00000
-0.00000
-0.00000
-0.00000
-0.00000
-0.00000
-0.00000
-0.00000
-0.00000
-0.00000
-0.00000
-0.00000
-0.00000
-0.00000
-0.00000
-0.00000
-0.00000
-0.00000
