0.00000
0.04416
0.24910
0.43276
0.57069
0.44795
0.11102
-0.33945
-0.83392
-1.23818
-1.41805
-1.23879
-0.77298
-0.21796
0.62563
1.39034
1.43170
1.38922
1.30747
1.18207
0.53633
-0.06099
-0.29663
-0.47948
-0.61025
-0.68962
-0.71829
-0.63985
-0.43776
-0.20524
-0.03594
-0.00355
-0.00340
-0.00326
-0.00312
-0.00299
-0.00286
-0.00273
-0.00261
-0.00249
-0.00238
-0.00226
-0.00216
-0.00205
-0.00195
-0.00185
-0.00176
-0.00167
-0.00158
-0.00149
-0.00141
-0.00133
-0.00126
-0.00119
-0.00112
-0.00105
-0.00098
-0.00092
-0.00086
-0.00081
-0.00075
-0.00070
-0.00065
-0.00060
-0.00056
-0.00052
-0.00048
-0.00044
-0.00040
-0.00037
-0.00034
-0.00031
-0.00028
-0.00025
-0.00023
-0.00020
-0.00018
-0.00016
-0.00014
-0.00013
-0.00011
-0.00010
-0.00008
-0.00007
-0.00006
-0.00005
-0.00004
-0.00003
-0.00003
-0.00002
-0.00002
-0.00001
-0.00001
-0.00001
-0.00000
-0.00000
-0.00000
-0.00000
-0.00000
-0.00000
