0.00000
0.02877
0.19982
0.45730
0.71177
0.98050
1.25984
1.36774
1.33009
1.24131
1.08781
0.70891
0.28818
-0.17625
-0.79560
-1.33900
-1.44060
-1.07338
-0.55626
-0.21245
-0.02408
0.10977
0.18386
0.24091
0.27730
0.28299
0.25281
0.19774
0.13117
0.06650
0.01712
-0.00357
-0.00361
-0.00361
-0.00361
-0.00361
-0.00361
-0.00361
-0.00361
-0.00360
-0.00360
-0.00360
-0.00359
-0.00359
-0.00358
-0.00358
-0.00357
-0.00356
-0.00355
-0.00354
-0.00353
-0.00352
-0.00350
-0.00349
-0.00347
-0.00345
-0.00343
-0.00341
-0.00338
-0.00335
-0.00333
-0.00329
-0.00326
-0.00323
-0.00319
-0.00315
-0.00311
-0.00307
-0.00302
-0.00297
-0.00292
-0.00286
-0.00280
-0.00274
-0.00268
-0.00261
-0.00254
-0.00247
-0.00240
-0.00232
-0.00223
-0.00215
-0.00206
-0.00197
-0.00187
-0.00177
-0.00166
-0.00156
-0.00144
-0.00133
-0.00121
-0.00108
-0.00095
-0.00082
-0.00068
-0.00054
-0.00040
-0.00025
-0.00009
0.00007
