0.00000
0.28774
0.60047
0.86923
1.10965
0.24790
-0.06702
-0.25411
-0.33985
-0.33895
-0.16197
0.17083
0.87679
1.09101
0.53137
-0.08613
-0.46892
-0.73196
-0.91798
-0.97944
-0.64532
-0.25952
-0.11840
-0.02422
-0.00361
-0.00361
-0.00361
-0.00361
-0.00361
-0.00361
-0.00361
-0.00361
-0.00361
-0.00361
-0.00361
-0.00361
-0.00361
-0.00361
-0.00361
-0.00361
-0.00361
-0.00361
-0.00361
-0.00361
-0.00361
-0.00361
-0.00361
-0.00361
-0.00361
-0.00361
-0.00361
-0.00361
-0.00361
-0.00361
-0.00361
-0.00361
-0.00361
-0.00361
-0.00361
-0.00361
-0.00361
-0.00361
-0.00361
-0.00361
-0.00361
-0.00361
-0.00361
-0.00361
-0.00361
-0.00361
-0.00361
-0.00361
-0.00361
-0.00361
-0.00361
-0.00361
-0.00361
-0.00361
-0.00361
-0.00361
-0.00361
-0.00361
-0.00361
-0.00361
-0.00361
-0.00361
-0.00361
-0.00361
-0.00361
-0.00361
-0.00361
-0.00361
-0.00361
-0.00361
-0.00361
-0.00361
-0.00361
-0.00361
-0.00361
-0.00361
