0.00000 
0.09212 
0.59814 
0.99104 
0.24594 
-0.03555 
-0.07736 
-0.10149 
-0.11127 
-0.10938 
-0.09454 
-0.06463 
-0.01761 
0.57411 
1.43953 
0.57977 
-0.14493 
-0.23755 
-0.22237 
-0.19190 
-0.15204 
-0.05518 
-0.00000 
-0.00000 
-0.00000 
-0.00000 
-0.00000 
-0.00000 
-0.00001 
-0.00001 
-0.00002 
-0.00003 
-0.00003 
-0.00004 
-0.00006 
-0.00007 
-0.00008 
-0.00010 
-0.00012 
-0.00014 
-0.00016 
-0.00018 
-0.00020 
-0.00022 
-0.00025 
-0.00028 
-0.00031 
-0.00033 
-0.00037 
-0.00040 
-0.00043 
-0.00047 
-0.00050 
-0.00054 
-0.00058 
-0.00062 
-0.00066 
-0.00070 
-0.00075 
-0.00079 
-0.00084 
-0.00089 
-0.00094 
-0.00099 
-0.00104 
-0.00109 
-0.00115 
-0.00121 
-0.00126 
-0.00132 
-0.00138 
-0.00144 
-0.00151 
-0.00157 
-0.00163 
-0.00170 
-0.00177 
-0.00184 
-0.00191 
-0.00198 
-0.00205 
-0.00213 
-0.00220 
-0.00228 
-0.00236 
-0.00243 
-0.00252 
-0.00260 
-0.00268 
-0.00276 
-0.00285 
-0.00294 
-0.00302 
-0.00311 
-0.00320 
-0.00330 
-0.00339 
-0.00348 
-0.00358 
-0.00367 
