0.00000 
0.02375 
0.33371 
0.75513 
1.19750 
1.46864 
1.32961 
0.98284 
0.15117 
-0.69936 
-0.96240 
-0.07078 
0.12394 
0.14790 
0.04928 
-0.05196 
-0.07179 
-0.07980 
-0.08478 
-0.08663 
-0.05946 
-0.01244 
-0.00354 
-0.00341 
-0.00328 
-0.00315 
-0.00303 
-0.00291 
-0.00279 
-0.00268 
-0.00257 
-0.00246 
-0.00236 
-0.00226 
-0.00216 
-0.00207 
-0.00197 
-0.00188 
-0.00180 
-0.00171 
-0.00163 
-0.00155 
-0.00148 
-0.00140 
-0.00133 
-0.00126 
-0.00120 
-0.00113 
-0.00107 
-0.00101 
-0.00095 
-0.00090 
-0.00085 
-0.00080 
-0.00075 
-0.00070 
-0.00066 
-0.00061 
-0.00057 
-0.00053 
-0.00050 
-0.00046 
-0.00043 
-0.00039 
-0.00036 
-0.00034 
-0.00031 
-0.00028 
-0.00026 
-0.00024 
-0.00021 
-0.00019 
-0.00017 
-0.00016 
-0.00014 
-0.00013 
-0.00011 
-0.00010 
-0.00009 
-0.00008 
-0.00007 
-0.00006 
-0.00005 
-0.00004 
-0.00003 
-0.00003 
-0.00002 
-0.00002 
-0.00001 
-0.00001 
-0.00001 
-0.00001 
-0.00000 
-0.00000 
-0.00000 
-0.00000 
-0.00000 
-0.00000 
-0.00000 
-0.00000 
