0.00000 
0.50416 
1.13104 
1.43524 
1.16371 
0.66703 
-0.14669 
-0.40735 
-0.31311 
0.10667 
1.01857 
1.40716 
1.01666 
0.42167 
0.02238 
-0.00000 
-0.00000 
-0.00000 
-0.00000 
-0.00000 
-0.00000 
-0.00000 
-0.00000 
-0.00000 
-0.00000 
-0.00000 
-0.00000 
-0.00000 
-0.00000 
-0.00000 
-0.00000 
-0.00000 
-0.00000 
-0.00000 
-0.00000 
-0.00000 
-0.00000 
-0.00000 
-0.00000 
-0.00000 
-0.00000 
-0.00000 
-0.00000 
-0.00000 
-0.00000 
-0.00000 
-0.00000 
-0.00000 
-0.00000 
-0.00000 
-0.00000 
-0.00000 
-0.00000 
-0.00000 
-0.00000 
-0.00000 
-0.00000 
-0.00000 
-0.00000 
-0.00000 
-0.00000 
-0.00000 
-0.00000 
-0.00000 
-0.00000 
-0.00000 
-0.00000 
-0.00000 
-0.00000 
-0.00000 
-0.00000 
-0.00000 
-0.00000 
-0.00000 
-0.00000 
-0.00000 
-0.00000 
-0.00000 
-0.00000 
-0.00000 
-0.00000 
-0.00000 
-0.00000 
-0.00000 
-0.00000 
-0.00000 
-0.00000 
-0.00000 
-0.00000 
-0.00000 
-0.00000 
-0.00000 
-0.00000 
-0.00000 
-0.00000 
-0.00000 
-0.00000 
-0.00000 
-0.00000 
-0.00000 
