0.00000 
0.17738 
0.32166 
0.41362 
0.46128 
0.47179 
0.40971 
0.28179 
0.01918 
-0.13947 
-0.23243 
-0.29358 
-0.31754 
-0.27818 
-0.16990 
-0.03327 
0.14049 
0.39359 
0.65787 
0.86221 
0.95981 
1.02379 
1.03971 
0.93110 
0.71613 
0.45557 
0.21021 
0.04082 
-0.00000 
-0.00000 
-0.00000 
-0.00000 
-0.00000 
-0.00000 
-0.00000 
-0.00000 
-0.00000 
-0.00000 
-0.00000 
-0.00000 
-0.00000 
-0.00000 
-0.00000 
-0.00000 
-0.00000 
-0.00000 
-0.00000 
-0.00000 
-0.00000 
-0.00000 
-0.00000 
-0.00000 
-0.00000 
-0.00000 
-0.00000 
-0.00000 
-0.00000 
-0.00000 
-0.00000 
-0.00000 
-0.00000 
-0.00000 
-0.00000 
-0.00000 
-0.00000 
-0.00000 
-0.00000 
-0.00000 
-0.00000 
-0.00000 
-0.00000 
-0.00000 
-0.00000 
-0.00000 
-0.00000 
-0.00000 
-0.00000 
-0.00000 
-0.00000 
-0.00000 
-0.00000 
-0.00000 
-0.00000 
-0.00000 
-0.00000 
-0.00000 
-0.00000 
-0.00000 
-0.00000 
-0.00000 
-0.00000 
-0.00000 
-0.00000 
-0.00000 
-0.00000 
-0.00000 
-0.00000 
-0.00000 
-0.00000 
-0.00000 
