0.00000 
0.53885 
0.98267 
1.32995 
1.44968 
1.26220 
0.91166 
0.18938 
-0.47890 
-0.76473 
-0.67219 
-0.28056 
0.21160 
0.43916 
0.36413 
0.22234 
-0.07988 
-0.20516 
-0.20324 
-0.11132 
0.06278 
0.17188 
0.10417 
0.01496 
0.00751 
0.00224 
-0.00125 
-0.00313 
-0.00361 
-0.00361 
-0.00361 
-0.00361 
-0.00361 
-0.00361 
-0.00361 
-0.00361 
-0.00360 
-0.00360 
-0.00360 
-0.00360 
-0.00359 
-0.00359 
-0.00358 
-0.00357 
-0.00357 
-0.00356 
-0.00355 
-0.00354 
-0.00353 
-0.00351 
-0.00350 
-0.00348 
-0.00347 
-0.00345 
-0.00343 
-0.00341 
-0.00338 
-0.00336 
-0.00333 
-0.00330 
-0.00327 
-0.00324 
-0.00321 
-0.00317 
-0.00313 
-0.00309 
-0.00305 
-0.00300 
-0.00295 
-0.00290 
-0.00285 
-0.00279 
-0.00273 
-0.00267 
-0.00261 
-0.00254 
-0.00247 
-0.00240 
-0.00233 
-0.00225 
-0.00217 
-0.00208 
-0.00200 
-0.00190 
-0.00181 
-0.00171 
-0.00161 
-0.00151 
-0.00140 
-0.00128 
-0.00117 
-0.00105 
-0.00092 
-0.00080 
-0.00067 
-0.00053 
-0.00039 
-0.00025 
-0.00010 
0.00005 
