0.00000 
0.21732 
0.36924 
0.47201 
0.46762 
0.23607 
-0.00983 
-0.19817 
-0.18600 
0.29666 
0.94925 
1.38690 
1.31673 
0.90866 
0.37730 
-0.07149 
-0.23364 
-0.14364 
0.03974 
0.24246 
0.39051 
0.41548 
0.34104 
0.22027 
0.09763 
0.01754 
0.00699 
0.00659 
0.00619 
0.00581 
0.00543 
0.00507 
0.00471 
0.00437 
0.00403 
0.00371 
0.00339 
0.00309 
0.00279 
0.00250 
0.00222 
0.00195 
0.00168 
0.00143 
0.00118 
0.00094 
0.00071 
0.00049 
0.00028 
0.00007 
-0.00013 
-0.00032 
-0.00051 
-0.00069 
-0.00086 
-0.00102 
-0.00118 
-0.00133 
-0.00148 
-0.00162 
-0.00175 
-0.00188 
-0.00200 
-0.00211 
-0.00222 
-0.00233 
-0.00243 
-0.00252 
-0.00261 
-0.00269 
-0.00277 
-0.00285 
-0.00292 
-0.00298 
-0.00304 
-0.00310 
-0.00316 
-0.00321 
-0.00325 
-0.00329 
-0.00333 
-0.00337 
-0.00340 
-0.00343 
-0.00346 
-0.00348 
-0.00350 
-0.00352 
-0.00354 
-0.00355 
-0.00357 
-0.00358 
-0.00359 
-0.00359 
-0.00360 
-0.00360 
-0.00361 
-0.00361 
-0.00361 
-0.00361 
