0.00000 
0.01543 
0.28962 
0.70915 
1.02551 
1.28039 
1.39676 
1.27703 
0.89566 
-0.30819 
-0.83235 
-1.28835 
-1.46267 
-1.01047 
-0.35722 
-0.07250 
-0.00000 
-0.00000 
-0.00000 
-0.00000 
-0.00000 
-0.00000 
-0.00000 
-0.00000 
-0.00000 
-0.00000 
-0.00001 
-0.00001 
-0.00001 
-0.00001 
-0.00002 
-0.00002 
-0.00003 
-0.00003 
-0.00004 
-0.00005 
-0.00005 
-0.00006 
-0.00007 
-0.00008 
-0.00009 
-0.00010 
-0.00011 
-0.00013 
-0.00014 
-0.00016 
-0.00018 
-0.00019 
-0.00021 
-0.00023 
-0.00026 
-0.00028 
-0.00030 
-0.00033 
-0.00036 
-0.00038 
-0.00041 
-0.00045 
-0.00048 
-0.00051 
-0.00055 
-0.00059 
-0.00063 
-0.00067 
-0.00071 
-0.00076 
-0.00081 
-0.00086 
-0.00091 
-0.00096 
-0.00102 
-0.00107 
-0.00113 
-0.00119 
-0.00126 
-0.00132 
-0.00139 
-0.00146 
-0.00154 
-0.00161 
-0.00169 
-0.00177 
-0.00185 
-0.00194 
-0.00202 
-0.00212 
-0.00221 
-0.00230 
-0.00240 
-0.00250 
-0.00261 
-0.00271 
-0.00282 
-0.00294 
-0.00305 
-0.00317 
-0.00329 
-0.00342 
-0.00355 
-0.00368 
